-1.928494691848754883
0.645349562168121338
0.948692739009857178
0.488680839538574219
1.457065701484680176
0.879815459251403809
0.706093788146972656
-0.224529862403869629
-1.463773846626281738
-0.344755291938781738
2.982199668884277344
3.291496276855468750
2.379913091659545898
3.028668880462646484
2.596853256225585938
2.017970800399780273
1.755518436431884766
1.507313728332519531
2.685122251510620117
2.355635881423950195
0.002893596887588501
2.329535484313964844
2.002517938613891602
1.853354334831237793
0.303638100624084473
-0.362758874893188477
-0.023227319121360779
-0.080133080482482910
0.072255343198776245
-1.098139643669128418
-1.533677101135253906
1.566816091537475586
-0.998097598552703857
1.271518468856811523
2.186601400375366211
-1.780697584152221680
-0.003156878054141998
-1.162513136863708496
2.294949293136596680
-0.473343610763549805
1.374436736106872559
1.072022795677185059
1.243488788604736328
0.049203366041183472
0.875669598579406738
0.500351548194885254
1.832509279251098633
-0.164125293493270874
-1.097477078437805176
-0.107177734375000000
0.852278351783752441
-2.134835720062255859
0.952316999435424805
0.756781816482543945
1.363858580589294434
1.282529592514038086
0.272516131401062012
0.260343730449676514
0.804084241390228271
2.755821704864501953
2.502110004425048828
0.061955183744430542
0.196519672870635986
0.007491350173950195
0.532160103321075439
2.532509326934814453
1.539793968200683594
0.493640899658203125
1.280349731445312500
1.096776247024536133
-0.266048491001129150
2.461177587509155273
0.506589531898498535
2.449813842773437500
1.087555170059204102
2.843365907669067383
1.146835684776306152
2.656966686248779297
4.546792030334472656
3.773968935012817383
0.949752509593963623
1.192177534103393555
0.509718298912048340
0.144623085856437683
0.561064481735229492
1.792561054229736328
0.338491559028625488
1.101174712181091309
0.087777256965637207
1.228015065193176270
-0.048909381031990051
0.305594384670257568
4.037690639495849609
0.964684486389160156
3.902179956436157227
-0.495464801788330078
1.900111198425292969
-1.021111130714416504
-0.225228816270828247
1.277016520500183105
-0.473222196102142334
-2.356121540069580078
-0.842512071132659912
-0.673286020755767822
-0.886428952217102051
-2.155460357666015625
-2.169731140136718750
3.217983007431030273
0.026935398578643799
0.915412306785583496
0.722849249839782715
5.973392009735107422
1.584789514541625977
1.940579414367675781
2.563232660293579102
0.509761750698089600
-0.745117664337158203
0.539814114570617676
-0.127907484769821167
-0.137584567070007324
1.214055657386779785
-1.242790460586547852
-1.852760076522827148
-1.650080084800720215
0.377938687801361084
0.648004472255706787
2.918619632720947266
1.731370210647583008
1.888897299766540527
0.309434890747070312
0.143175497651100159
0.257625877857208252
1.810479402542114258
1.350226759910583496
1.475945234298706055
-0.319424301385879517
-0.907212316989898682
0.550443649291992188
1.841361999511718750
1.456780433654785156
0.221218377351760864
1.074943542480468750
0.236912727355957031
1.632345438003540039
0.614224314689636230
-0.694567203521728516
0.652197480201721191
0.133024036884307861
-1.392439723014831543
-0.603711724281311035
-1.262462258338928223
-0.258512139320373535
-2.668526887893676758
-0.675182580947875977
-2.205227851867675781
-1.230398654937744141
-1.710557222366333008
-1.514436125755310059
-1.587705492973327637
-1.390833377838134766
-2.622941017150878906
-0.084104694426059723
0.185903176665306091
-0.562870502471923828
0.291977107524871826
-1.589952588081359863
-0.617217183113098145
-2.680481195449829102
-0.952125310897827148
-1.266682624816894531
-1.770099401473999023
0.640493988990783691
-0.513918280601501465
-0.661784529685974121
-1.819435715675354004
-3.043978452682495117
-1.591264724731445312
-2.540555715560913086
-0.081231370568275452
-1.695537924766540527
-1.570366024971008301
-1.725151181221008301
-1.412898778915405273
-1.693579435348510742
-1.696364164352416992
-2.228115797042846680
-2.795441865921020508
-0.557202339172363281
-2.858164310455322266
-2.245643138885498047
-1.637388467788696289
-1.160230040550231934
-1.942187070846557617
-1.818293571472167969
-3.268417358398437500
-0.353289216756820679
-1.774321436882019043
-3.126102685928344727
-2.543503522872924805
-1.665459036827087402
-2.268297672271728516
-2.049852848052978516
-0.960682094097137451
-0.623274922370910645
-0.444249004125595093
-2.684325218200683594
-3.400116920471191406
-1.645805001258850098
-1.458419084548950195
-0.800312936305999756
-2.270314693450927734
-2.220955371856689453
-0.487184017896652222
-1.398027300834655762
-2.122021436691284180
-0.361471831798553467
-3.204581022262573242
-0.553702831268310547
-2.203972339630126953
-1.734343409538269043
-2.877728700637817383
-2.011687517166137695
-2.035284042358398438
-0.618439733982086182
-2.225042581558227539
-0.926608324050903320
-3.132546663284301758
-1.371474742889404297
-2.266707658767700195
-1.816350579261779785
-0.784281969070434570
-1.579449176788330078
-1.444106817245483398
-3.878043174743652344
-1.787896156311035156
-1.071776866912841797
-0.777611255645751953
-0.349212467670440674
0.326381325721740723
-1.749644517898559570
-1.216564893722534180
-1.270406842231750488
-0.676820397377014160
-1.945250034332275391
-3.649235010147094727
-0.785826206207275391
-1.152103662490844727
-1.945090174674987793
-1.251094579696655273
-1.415179848670959473
-1.175952315330505371
-0.269062936305999756
-3.051633358001708984
-0.637281239032745361
-0.370269656181335449
-3.903455018997192383
-3.069145202636718750
-1.803205847740173340
-1.382677316665649414
-1.397050738334655762
-2.462093114852905273
-1.612518072128295898
-3.620045423507690430
0.088149428367614746
-0.898611128330230713
-1.288047790527343750
-1.420677661895751953
-2.931365966796875000
-3.162671566009521484
-1.621809720993041992
-0.871697545051574707
-1.830377578735351562
0.241166636347770691
-0.752879023551940918
-1.782214522361755371
-0.544984638690948486
-0.398992449045181274
-0.138921409845352173
-0.690957844257354736
-0.171619623899459839
0.367817461490631104
0.277118265628814697
-0.150460049510002136
-0.369360536336898804
0.451178431510925293
-0.134478777647018433
-1.715491175651550293
-2.192380905151367188
-1.244223475456237793
-1.773062586784362793
-2.432611465454101562
-1.510221481323242188
-2.038687944412231445
-0.345571935176849365
-2.390360593795776367
-1.361540794372558594
-0.480239152908325195
-2.809175252914428711
0.292721748352050781
0.558832466602325439
-0.397665709257125854
3.774716138839721680
0.617107152938842773
1.363749146461486816
0.860772013664245605
0.171488136053085327
1.714823007583618164
2.987110853195190430
3.360002517700195312
0.736879110336303711
4.294253349304199219
2.246705055236816406
1.547245144844055176
3.297739505767822266
2.556370496749877930
2.133728981018066406
2.183756113052368164
3.571300506591796875
3.921137571334838867
2.660109996795654297
2.557329416275024414
-0.102951370179653168
-1.252189874649047852
0.260834395885467529
0.053706631064414978
0.158820569515228271
1.114945411682128906
1.611176252365112305
0.613888025283813477
-1.019289374351501465
0.210407555103302002
0.604832530021667480
-0.999684035778045654
-0.446606844663619995
-1.284242868423461914
-0.295145392417907715
-0.309822559356689453
-1.860718607902526855
-1.557272911071777344
-2.404446125030517578
-1.313820242881774902
-3.239363193511962891
-2.799445152282714844
-1.953744888305664062
-3.117027282714843750
-2.237243175506591797
-1.879502773284912109
-2.043850898742675781
-2.263120651245117188
-1.036913990974426270
-0.854188203811645508
-0.609419047832489014
-0.638978838920593262
0.322326630353927612
-0.021508842706680298
-2.439767360687255859
0.000871092081069946
-0.787302136421203613
0.001013740897178650
-0.336008787155151367
-2.724129676818847656
1.335433840751647949
-0.272567629814147949
1.225551366806030273
-0.331518292427062988
-0.903979480266571045
-2.451627731323242188
-1.163485646247863770
-1.044112920761108398
-1.592416286468505859
-2.566470623016357422
-2.868566751480102539
-1.616315960884094238
-2.223014354705810547
-0.620251893997192383
-1.294876933097839355
-0.596021890640258789
-0.746079802513122559
-1.441240191459655762
-1.406732439994812012
-1.631919622421264648
-1.132147789001464844
-0.217412963509559631
-0.172837063670158386
-1.540744185447692871
-2.499365329742431641
-2.288622379302978516
-2.496598005294799805
-2.743484258651733398
0.193381637334823608
0.399418771266937256
-0.473570227622985840
-0.699127256870269775
0.026979357004165649
-1.072736859321594238
1.719982385635375977
-0.135113373398780823
0.988512039184570312
0.435536384582519531
0.748143792152404785
-1.030804395675659180
-1.196734666824340820
1.146262526512145996
0.395375251770019531
1.173850536346435547
2.723296403884887695
-1.605379581451416016
-1.146059632301330566
-2.340526819229125977
2.002290248870849609
-0.527370750904083252
-0.016087077558040619
1.780541181564331055
0.032272338867187500
-0.782820820808410645
-3.299359560012817383
1.098823785781860352
2.231903791427612305
4.184829235076904297
2.344575166702270508
-0.117953717708587646
1.137539505958557129
0.767727375030517578
-2.624417304992675781
-2.807528734207153320
-0.619993507862091064
0.675241053104400635
-0.495292425155639648
-1.391530156135559082
1.797379255294799805
0.777400553226470947
-0.661971986293792725
0.887082815170288086
-0.813347220420837402
-0.015278935432434082
0.310484290122985840
-1.099218487739562988
1.524596929550170898
0.483972698450088501
-1.287322163581848145
1.172785520553588867
0.259576052427291870
1.517571210861206055
1.563087701797485352
-0.301820099353790283
-1.252821445465087891
3.563801288604736328
-1.304992914199829102
1.202561855316162109
-1.097645998001098633
-2.915136814117431641
2.020111083984375000
-0.780125856399536133
-0.442793726921081543
-2.954977273941040039
2.942143917083740234
-0.054349660873413086
0.080367259681224823
0.956032097339630127
-0.188211619853973389
1.122190713882446289
-0.678370594978332520
2.278779268264770508
0.224440634250640869
0.967322111129760742
-0.665589928627014160
-1.938304781913757324
-2.244893312454223633
-0.295020550489425659
-0.345646530389785767
2.521964788436889648
-0.665466725826263428
-0.909096896648406982
1.111114978790283203
-0.108848392963409424
-0.538834154605865479
-2.637198209762573242
0.361440807580947876
1.821319460868835449
-0.837343275547027588
1.303288578987121582
1.192941188812255859
-0.098494231700897217
-1.485726594924926758
0.892667293548583984
0.395726591348648071
-0.835178315639495850
1.421607255935668945
3.424570322036743164
1.360277414321899414
1.483384251594543457
-0.134632945060729980
1.251242399215698242
-0.429054349660873413
1.390862107276916504
-1.422245264053344727
0.251078069210052490
-0.680372238159179688
0.983293652534484863
1.136986970901489258
-0.440938234329223633
-0.399040102958679199
-0.015982348471879959
0.571716666221618652
0.329121708869934082
-0.441710978746414185
1.586043834686279297
0.804560124874114990
1.615392327308654785
-2.378847837448120117
0.298500984907150269
-0.866022825241088867
2.077812433242797852
0.602472603321075439
-0.926559329032897949
0.152571499347686768
-0.304425537586212158
2.932526588439941406
-1.990148782730102539
0.017886027693748474
-0.575877308845520020
-0.765688300132751465
-0.147443085908889771
0.687328338623046875
-1.630866408348083496
-1.204761266708374023
0.165625542402267456
-0.179226666688919067
-0.028664484620094299
-0.596291780471801758
2.498171567916870117
-0.133082062005996704
-0.941263318061828613
0.603428423404693604
1.611843943595886230
-2.351123332977294922
-0.424380064010620117
-0.396524488925933838
1.324696779251098633
2.327012062072753906
1.130275487899780273
0.166593134403228760
2.677405595779418945
-0.630985736846923828
-0.458300769329071045
1.388059377670288086
-0.099206238985061646
-3.218538761138916016
-1.322775721549987793
3.490250349044799805
-2.341245651245117188
0.840579986572265625
0.336084872484207153
1.625239372253417969
0.109301686286926270
-0.716294229030609131
2.496472835540771484
2.877182006835937500
2.167033672332763672
1.435743331909179688
-0.738656282424926758
-1.118226647377014160
1.744492292404174805
3.755003452301025391
-1.792395114898681641
0.044026449322700500
-0.559278547763824463
0.993176877498626709
-1.948609113693237305
-1.765550613403320312
-0.672527790069580078
-1.945100069046020508
0.573078751564025879
-1.567612171173095703
2.462106466293334961
-1.523746490478515625
-1.189938306808471680
-0.290595799684524536
-1.203362941741943359
-1.430274367332458496
-1.061987996101379395
0.168394118547439575
-2.120731592178344727
0.955399394035339355
2.080952167510986328
0.218721881508827209
-1.271513938903808594
2.681207180023193359
1.174701690673828125
-0.179926857352256775
-1.062443733215332031
2.103473901748657227
1.811054944992065430
0.523682296276092529
-0.936583459377288818
-0.538340508937835693
1.625231146812438965
-0.462047517299652100
-0.214098438620567322
2.091203689575195312
4.282519817352294922
-0.296520799398422241
1.471696019172668457
-2.673534631729125977
0.865937292575836182
1.009018898010253906
1.102058291435241699
0.205985561013221741
1.027277231216430664
-1.883901715278625488
1.313836812973022461
1.310103774070739746
-2.433095455169677734
1.507821559906005859
-1.133041739463806152
-0.731893956661224365
3.420124053955078125
-0.081788934767246246
2.306159734725952148
3.234745025634765625
2.919388055801391602
-1.812312245368957520
2.556044816970825195
3.370724916458129883
-1.352872610092163086
-1.191897392272949219
3.360583782196044922
-0.733193635940551758
0.911599040031433105
1.623477935791015625
-0.335590720176696777
0.543329477310180664
2.233480930328369141
1.070756077766418457
-2.324203014373779297
0.742949962615966797
-1.099755525588989258
0.373126626014709473
-0.723428964614868164
-1.359635114669799805
1.769164919853210449
-0.077035233378410339
-0.248818591237068176
-0.050933856517076492
6.230379104614257812
-0.438653022050857544
0.891592442989349365
0.884992182254791260
1.225546836853027344
-0.177150726318359375
2.834462404251098633
0.457243651151657104
-0.957730829715728760
-1.582985401153564453
-2.455748081207275391
0.581486582756042480
-1.105302691459655762
3.221029758453369141
-0.372462749481201172
0.256855010986328125
-0.404004782438278198
-2.799501180648803711
2.823242187500000000
-1.307237148284912109
1.624886035919189453
-1.053815722465515137
-0.160041809082031250
0.895471096038818359
1.239698410034179688
-0.029275387525558472
-1.811299562454223633
-1.748221158981323242
0.105103731155395508
1.277509808540344238
2.771001577377319336
-1.863042831420898438
-2.261944293975830078
4.733318805694580078
-1.229534149169921875
4.073039054870605469
0.883573770523071289
2.995796680450439453
3.313286781311035156
1.650316119194030762
-0.284246802330017090
0.646507441997528076
0.164329379796981812
-2.306803941726684570
0.787004828453063965
-1.640288114547729492
-2.362332344055175781
-0.758245229721069336
0.351130157709121704
0.219222977757453918
-1.711961269378662109
0.796419799327850342
2.068275213241577148
-0.531920135021209717
-0.526983439922332764
0.677312433719635010
3.096040964126586914
3.594975471496582031
0.466259658336639404
-0.408172488212585449
0.489842087030410767
-2.336667060852050781
-0.381833881139755249
-0.300913751125335693
0.716362357139587402
2.164426088333129883
2.207769632339477539
1.692198514938354492
1.743719696998596191
0.249478697776794434
1.586690068244934082
-2.255011558532714844
0.671260178089141846
-3.241154193878173828
0.409886032342910767
0.532728195190429688
2.198553562164306641
1.434309840202331543
2.435006380081176758
0.230458602309226990
-0.436106950044631958
1.290908694267272949
-0.333591431379318237
0.982682824134826660
0.328863859176635742
-0.167345568537712097
-0.974414348602294922
2.209151268005371094
-1.294629335403442383
2.795958757400512695
-1.866299867630004883
0.892561793327331543
0.961826205253601074
0.707431614398956299
0.824172019958496094
-3.934015035629272461
1.220532774925231934
1.068741202354431152
-0.143135607242584229
-1.882797479629516602
2.228300571441650391
1.089722275733947754
1.620328903198242188
-0.564751863479614258
-0.379395872354507446
3.112756252288818359
-1.143985390663146973
-1.131731033325195312
1.435742974281311035
0.069319233298301697
0.783036947250366211
1.049573540687561035
-0.891660690307617188
-1.699048638343811035
-0.887528300285339355
-0.401740580797195435
1.963165402412414551
1.451679706573486328
-1.934594154357910156
1.847907543182373047
1.185377836227416992
-1.148792386054992676
-2.540131807327270508
3.628449201583862305
-0.106125622987747192
4.802402496337890625
1.207806348800659180
1.254961371421813965
3.011834383010864258
0.796720206737518311
1.052366375923156738
-0.399482935667037964
0.610780417919158936
2.766307592391967773
-0.268641382455825806
-1.147042512893676758
0.380691319704055786
1.004493236541748047
1.189040660858154297
4.978146076202392578
3.935089349746704102
-0.312999963760375977
0.424361854791641235
-0.883483290672302246
-1.435392618179321289
0.704281091690063477
-0.787096381187438965
0.307143390178680420
0.088347673416137695
-0.271142810583114624
1.578746438026428223
0.883885920047760010
-0.046595022082328796
-1.513943314552307129
0.928102970123291016
1.038883209228515625
-2.773522138595581055
-0.127684265375137329
-0.550410389900207520
-1.107017040252685547
1.240266442298889160
0.011273443698883057
0.268107265233993530
0.763925254344940186
-0.590203523635864258
0.746252477169036865
0.212940484285354614
1.205245971679687500
3.261101245880126953
1.739861845970153809
0.889707326889038086
2.242914676666259766
1.458075404167175293
-2.305198431015014648
3.636517763137817383
0.543780863285064697
-1.940171837806701660
-1.081096410751342773
-1.098667621612548828
-0.618615925312042236
-0.003267467021942139
-1.727839112281799316
0.712605178356170654
0.370313584804534912
2.943421602249145508
-3.691080093383789062
-0.047843083739280701
-0.322533190250396729
-0.731229960918426514
0.494782269001007080
0.268215328454971313
0.269171714782714844
0.029017969965934753
1.048139333724975586
0.469398647546768188
-0.313565552234649658
1.553812623023986816
-0.012150406837463379
-0.211518198251724243
-0.102220885455608368
3.367762327194213867
5.053116798400878906
2.151672840118408203
-0.273134618997573853
0.286095827817916870
0.240931391716003418
-0.290433466434478760
1.074969291687011719
3.143657207489013672
-0.583681344985961914
0.286515325307846069
3.041332006454467773
-2.134766101837158203
-2.129337072372436523
1.272042393684387207
0.633910179138183594
-1.753794789314270020
1.030825257301330566
1.999838113784790039
0.988463521003723145
-2.176384687423706055
-3.920230627059936523
-1.585723400115966797
-0.656534314155578613
2.401366949081420898
-0.794353246688842773
-1.457144618034362793
0.514128923416137695
1.484331488609313965
0.088328957557678223
-4.060034275054931641
-0.455627858638763428
0.161071419715881348
-1.651118040084838867
-0.883234381675720215
1.560677647590637207
0.851678609848022461
-1.196922659873962402
0.886407613754272461
0.799310028553009033
-0.576335787773132324
-0.353032350540161133
-1.050274491310119629
-1.851224660873413086
-1.116442203521728516
-0.306733816862106323
-1.113132834434509277
-0.492286950349807739
4.755234241485595703
1.373512029647827148
1.269973754882812500
2.545688629150390625
0.629262983798980713
0.272547721862792969
0.760455071926116943
-0.782909333705902100
0.811348140239715576
-1.409895777702331543
2.423846960067749023
0.266619086265563965
3.113723278045654297
0.782449364662170410
-0.797197580337524414
0.764096915721893311
3.550579786300659180
0.216007262468338013
2.142729520797729492
1.009110808372497559
-0.610030412673950195
0.921897232532501221
-1.345432043075561523
-0.925889492034912109
-0.204432725906372070
-1.505619645118713379
0.125545859336853027
2.115457057952880859
2.594194889068603516
1.420013308525085449
0.767364740371704102
-1.672404527664184570
-2.401118516921997070
-0.897774577140808105
-2.919062614440917969
-0.709156036376953125
-1.555942296981811523
0.193108901381492615
-1.614925384521484375
-2.201681852340698242
-0.177241101861000061
-1.798087358474731445
-1.327971577644348145
-1.453652501106262207
-3.237342357635498047
-0.326708912849426270
-1.678314924240112305
-1.948065042495727539
-1.651696443557739258
-2.110385894775390625
-1.425506472587585449
-0.732627987861633301
-2.818738937377929688
-0.935702800750732422
-1.427163839340209961
-1.068016886711120605
1.914144039154052734
0.276875436305999756
2.148463010787963867
1.576606631278991699
-0.250590771436691284
0.027130514383316040
1.526275873184204102
-1.411206245422363281
-1.869314908981323242
0.852766036987304688
0.664069652557373047
-1.004669666290283203
-1.071100473403930664
-0.847953796386718750
-1.574915647506713867
-0.234114110469818115
-0.997519731521606445
-2.945521116256713867
0.655633389949798584
0.708074986934661865
1.616802930831909180
-0.430104374885559082
-1.192335247993469238
2.957521915435791016
-0.753634452819824219
0.486050844192504883
1.004619717597961426
2.032018661499023438
0.899201571941375732
2.564344167709350586
1.713708519935607910
-2.629224300384521484
1.862330913543701172
0.486529648303985596
-2.477587938308715820
0.230823040008544922
1.095176935195922852
1.190253734588623047
-1.192736268043518066
1.042795896530151367
0.825917899608612061
0.116759322583675385
0.393615961074829102
-1.101448178291320801
-1.744518041610717773
-2.407184600830078125
-1.699799656867980957
-1.225994110107421875
-2.323841094970703125
-1.313234925270080566
0.815166652202606201
1.738826870918273926
