-1.928494095802307129
0.645348787307739258
0.948692560195922852
0.488680362701416016
1.457066059112548828
0.879814982414245605
0.706093966960906982
-0.224530041217803955
-1.463774561882019043
-0.344757258892059326
2.982197284698486328
3.291492938995361328
2.379910469055175781
3.028666973114013672
2.596850395202636719
2.017967700958251953
1.755515694618225098
1.507311820983886719
2.685119628906250000
2.355634212493896484
0.002893000841140747
2.329533576965332031
2.002515316009521484
1.853352189064025879
0.303636848926544189
-0.362757623195648193
-0.023226797580718994
-0.080132335424423218
0.072256863117218018
-1.098138928413391113
-1.533675789833068848
1.566816806793212891
-0.998096883296966553
1.271517515182495117
2.186601638793945312
-1.780697107315063477
-0.003156974911689758
-1.162512421607971191
2.294949531555175781
-0.473343282938003540
1.374436140060424805
1.072022199630737305
1.243489146232604980
0.049203336238861084
0.875670611858367920
0.500351905822753906
1.832509517669677734
-0.164126351475715637
-1.097476124763488770
-0.107177406549453735
0.852277576923370361
-2.134835243225097656
0.952318549156188965
0.756783127784729004
1.363860487937927246
1.282530069351196289
0.272517144680023193
0.260344147682189941
0.804085016250610352
2.755821466445922852
2.502111434936523438
0.061955526471138000
0.196519583463668823
0.007491290569305420
0.532159745693206787
2.532509565353393555
1.539794445037841797
0.493642389774322510
1.280350565910339355
1.096777200698852539
-0.266047984361648560
2.461178779602050781
0.506588816642761230
2.449813842773437500
1.087553977966308594
2.843365669250488281
1.146836996078491211
2.656967639923095703
4.546792507171630859
3.773970365524291992
0.949751377105712891
1.192176818847656250
0.509717524051666260
0.144621551036834717
0.561062037944793701
1.792559385299682617
0.338490277528762817
1.101174473762512207
0.087776184082031250
1.228013038635253906
-0.048910588026046753
0.305591285228729248
4.037687778472900391
0.964681386947631836
3.902178049087524414
-0.495467066764831543
1.900109291076660156
-1.021112680435180664
-0.225231051445007324
1.277014970779418945
-0.473223030567169189
-2.356121063232421875
-0.842511415481567383
-0.673285722732543945
-0.886427760124206543
-2.155461549758911133
-2.169729709625244141
3.217981338500976562
0.026934787631034851
0.915411591529846191
0.722850084304809570
5.973392486572265625
1.584789633750915527
1.940580606460571289
2.563233613967895508
0.509762108325958252
-0.745116889476776123
0.539813578128814697
-0.127906948328018188
-0.137584313750267029
1.214056611061096191
-1.242790341377258301
-1.852759838104248047
-1.650079488754272461
0.377939492464065552
0.648005008697509766
2.918620347976684570
1.731367707252502441
1.888895511627197266
0.309432685375213623
0.143172740936279297
0.257623940706253052
1.810476779937744141
1.350224494934082031
1.475943088531494141
-0.319425106048583984
-0.907213747501373291
0.550441622734069824
1.841359496116638184
1.456779241561889648
0.221217215061187744
1.074941992759704590
0.236911177635192871
1.632343292236328125
0.614221870899200439
-0.694568455219268799
0.652196288108825684
0.133023142814636230
-1.392441272735595703
-0.603712499141693115
-1.262463212013244629
-0.258511602878570557
-2.668526649475097656
-0.675182402133941650
-2.205226898193359375
-1.230398416519165039
-1.710557818412780762
-1.514436602592468262
-1.587705254554748535
-1.390833616256713867
-2.622942686080932617
-0.084105171263217926
0.185903176665306091
-0.562870562076568604
0.291978180408477783
-1.589951038360595703
-0.617216706275939941
-2.680482387542724609
-0.952124714851379395
-1.266683340072631836
-1.770099759101867676
0.640493988990783691
-0.513918519020080566
-0.661785066127777100
-1.819433450698852539
-3.043979167938232422
-1.591264963150024414
-2.540556192398071289
-0.081230029463768005
-1.695537686347961426
-1.570366263389587402
-1.725150465965270996
-1.412898063659667969
-1.693579077720642090
-1.696363449096679688
-2.228115797042846680
-2.795441150665283203
-0.557201921939849854
-2.858164548873901367
-2.245642900466918945
-1.637388706207275391
-1.160228610038757324
-1.942186117172241211
-1.818293690681457520
-3.268418073654174805
-0.353288650512695312
-1.774321198463439941
-3.126102209091186523
-2.543503999710083008
-1.665458798408508301
-2.268297433853149414
-2.049852371215820312
-0.960680723190307617
-0.623273491859436035
-0.444248259067535400
-2.684325456619262695
-3.400116443634033203
-1.645804643630981445
-1.458418607711791992
-0.800311625003814697
-2.270313978195190430
-2.220955610275268555
-0.487184137105941772
-1.398027181625366211
-2.122021675109863281
-0.361472368240356445
-3.204581260681152344
-0.553702235221862793
-2.203972339630126953
-1.734342455863952637
-2.877728462219238281
-2.011687278747558594
-2.035284519195556641
-0.618438661098480225
-2.225041389465332031
-0.926607012748718262
-3.132546663284301758
-1.371473670005798340
-2.266707420349121094
-1.816349983215332031
-0.784281075000762939
-1.579449534416198730
-1.444107055664062500
-3.878042221069335938
-1.787896037101745605
-1.071775913238525391
-0.777610301971435547
-0.349212050437927246
0.326381266117095947
-1.749644517898559570
-1.216564416885375977
-1.270407199859619141
-0.676819920539855957
-1.945249915122985840
-3.649234533309936523
-0.785825192928314209
-1.152103662490844727
-1.945089697837829590
-1.251093983650207520
-1.415178775787353516
-1.175951123237609863
-0.269063293933868408
-3.051632881164550781
-0.637281239032745361
-0.370268642902374268
-3.903454542160034180
-3.069145441055297852
-1.803205490112304688
-1.382676243782043457
-1.397050380706787109
-2.462092638015747070
-1.612517237663269043
-3.620044231414794922
0.088150471448898315
-0.898611783981323242
-1.288047671318054199
-1.420677900314331055
-2.931366443634033203
-3.162670135498046875
-1.621808171272277832
-0.871696293354034424
-1.830377340316772461
0.241168335080146790
-0.752878427505493164
-1.782212853431701660
-0.544984221458435059
-0.398991167545318604
-0.138919755816459656
-0.690955400466918945
-0.171618521213531494
0.367819100618362427
0.277118086814880371
-0.150460094213485718
-0.369360327720642090
0.451180040836334229
-0.134476840496063232
-1.715490818023681641
-2.192379474639892578
-1.244223237037658691
-1.773061990737915039
-2.432611227035522461
-1.510220527648925781
-2.038688659667968750
-0.345571696758270264
-2.390359878540039062
-1.361540913581848145
-0.480238914489746094
-2.809175729751586914
0.292721837759017944
0.558832883834838867
-0.397665083408355713
3.774717092514038086
0.617107748985290527
1.363748788833618164
0.860772609710693359
0.171489745378494263
1.714823603630065918
2.987111091613769531
3.360003232955932617
0.736879050731658936
4.294254302978515625
2.246705293655395508
1.547246932983398438
3.297738790512084961
2.556371212005615234
2.133729934692382812
2.183755874633789062
3.571300745010375977
3.921138525009155273
2.660109519958496094
2.557328939437866211
-0.102951519191265106
-1.252191185951232910
0.260832011699676514
0.053707368671894073
0.158819735050201416
1.114945650100708008
1.611176848411560059
0.613888859748840332
-1.019288659095764160
0.210407271981239319
0.604832887649536133
-0.999683916568756104
-0.446606606245040894
-1.284242749214172363
-0.295145630836486816
-0.309822827577590942
-1.860718250274658203
-1.557274103164672852
-2.404447317123413086
-1.313820362091064453
-3.239363670349121094
-2.799445152282714844
-1.953744769096374512
-3.117028474807739258
-2.237243652343750000
-1.879503011703491211
-2.043851375579833984
-2.263121366500854492
-1.036913752555847168
-0.854188382625579834
-0.609419345855712891
-0.638980090618133545
0.322325527667999268
-0.021508961915969849
-2.439768075942993164
0.000872597098350525
-0.787300765514373779
0.001015331596136093
-0.336007237434387207
-2.724129676818847656
1.335434675216674805
-0.272566139698028564
1.225552201271057129
-0.331518948078155518
-0.903980135917663574
-2.451626539230346680
-1.163485765457153320
-1.044113397598266602
-1.592417955398559570
-2.566470384597778320
-2.868567705154418945
-1.616315245628356934
-2.223013401031494141
-0.620252966880798340
-1.294878244400024414
-0.596023380756378174
-0.746080100536346436
-1.441240668296813965
-1.406733751296997070
-1.631919741630554199
-1.132148742675781250
-0.217413187026977539
-0.172838002443313599
-1.540744781494140625
-2.499365568161010742
-2.288623332977294922
-2.496598243713378906
-2.743484258651733398
0.193381369113922119
0.399419248104095459
-0.473568886518478394
-0.699127852916717529
0.026978790760040283
-1.072736620903015137
1.719981670379638672
-0.135114178061485291
0.988512516021728516
0.435536623001098633
0.748142838478088379
-1.030805468559265137
-1.196732640266418457
1.146263599395751953
0.395374298095703125
1.173849105834960938
2.723294019699096680
-1.605379700660705566
-1.146060228347778320
-2.340527534484863281
2.002290964126586914
-0.527371227741241455
-0.016087677329778671
1.780541539192199707
0.032273530960083008
-0.782820701599121094
-3.299360752105712891
1.098823070526123047
2.231902122497558594
4.184830188751220703
2.344575881958007812
-0.117953270673751831
1.137540817260742188
0.767726898193359375
-2.624417066574096680
-2.807528495788574219
-0.619994103908538818
0.675241827964782715
-0.495293140411376953
-1.391530990600585938
1.797377824783325195
0.777397811412811279
-0.661972105503082275
0.887082695960998535
-0.813347637653350830
-0.015279799699783325
0.310485601425170898
-1.099218964576721191
1.524595975875854492
0.483972430229187012
-1.287323713302612305
1.172785997390747070
0.259577244520187378
1.517569541931152344
1.563086628913879395
-0.301820337772369385
-1.252823114395141602
3.563801765441894531
-1.304992675781250000
1.202560305595397949
-1.097646832466125488
-2.915137290954589844
2.020110368728637695
-0.780126452445983887
-0.442793250083923340
-2.954976558685302734
2.942146301269531250
-0.054351478815078735
0.080368146300315857
0.956033170223236084
-0.188210904598236084
1.122189164161682129
-0.678370475769042969
2.278779745101928711
0.224440351128578186
0.967322528362274170
-0.665589392185211182
-1.938304066658020020
-2.244893074035644531
-0.295020431280136108
-0.345646142959594727
2.521965026855468750
-0.665466248989105225
-0.909097969532012939
1.111116647720336914
-0.108847379684448242
-0.538833022117614746
-2.637199878692626953
0.361440539360046387
1.821318864822387695
-0.837341904640197754
1.303289175033569336
1.192942500114440918
-0.098493814468383789
-1.485727071762084961
0.892666697502136230
0.395727694034576416
-0.835177540779113770
1.421608805656433105
3.424571990966796875
1.360277414321899414
1.483384370803833008
-0.134633302688598633
1.251242399215698242
-0.429054409265518188
1.390860795974731445
-1.422245264053344727
0.251078665256500244
-0.680373013019561768
0.983293533325195312
1.136987686157226562
-0.440938532352447510
-0.399039626121520996
-0.015982303768396378
0.571717143058776855
0.329121559858322144
-0.441710293292999268
1.586043596267700195
0.804561555385589600
1.615394711494445801
-2.378849029541015625
0.298500001430511475
-0.866023540496826172
2.077814102172851562
0.602472484111785889
-0.926558792591094971
0.152571618556976318
-0.304425507783889771
2.932525634765625000
-1.990148782730102539
0.017885938286781311
-0.575877666473388672
-0.765687227249145508
-0.147443860769271851
0.687328755855560303
-1.630865812301635742
-1.204760789871215820
0.165625751018524170
-0.179225742816925049
-0.028662137687206268
-0.596291899681091309
2.498172283172607422
-0.133080363273620605
-0.941263437271118164
0.603427171707153320
1.611845850944519043
-2.351122379302978516
-0.424380838871002197
-0.396525174379348755
1.324694514274597168
2.327013254165649414
1.130274772644042969
0.166592836380004883
2.677406549453735352
-0.630984663963317871
-0.458299934864044189
1.388059973716735840
-0.099205210804939270
-3.218539237976074219
-1.322776198387145996
3.490250110626220703
-2.341245412826538086
0.840579152107238770
0.336085826158523560
1.625240445137023926
0.109300494194030762
-0.716294527053833008
2.496473073959350586
2.877179145812988281
2.167033195495605469
1.435744166374206543
-0.738656520843505859
-1.118227839469909668
1.744491577148437500
3.755003929138183594
-1.792396068572998047
0.044024974107742310
-0.559278368949890137
0.993176937103271484
-1.948607802391052246
-1.765551567077636719
-0.672526001930236816
-1.945099592208862305
0.573079466819763184
-1.567612051963806152
2.462106704711914062
-1.523747563362121582
-1.189939618110656738
-0.290596187114715576
-1.203362703323364258
-1.430273532867431641
-1.061988115310668945
0.168393835425376892
-2.120732784271240234
0.955400049686431885
2.080950498580932617
0.218722373247146606
-1.271514296531677246
2.681207895278930664
1.174700856208801270
-0.179926708340644836
-1.062443494796752930
2.103472709655761719
1.811056017875671387
0.523683071136474609
-0.936582684516906738
-0.538342058658599854
1.625231623649597168
-0.462047398090362549
-0.214097604155540466
2.091203451156616211
4.282520294189453125
-0.296520322561264038
1.471695423126220703
-2.673535108566284180
0.865937590599060059
1.009019494056701660
1.102058529853820801
0.205986320972442627
1.027278423309326172
-1.883902072906494141
1.313836574554443359
1.310104370117187500
-2.433095932006835938
1.507822275161743164
-1.133042454719543457
-0.731894254684448242
3.420123338699340820
-0.081789165735244751
2.306159734725952148
3.234746694564819336
2.919389247894287109
-1.812312126159667969
2.556046962738037109
3.370725631713867188
-1.352873682975769043
-1.191899418830871582
3.360586166381835938
-0.733192980289459229
0.911598205566406250
1.623480319976806641
-0.335589319467544556
0.543329954147338867
2.233480691909790039
1.070757746696472168
-2.324204444885253906
0.742949724197387695
-1.099755048751831055
0.373126775026321411
-0.723430395126342773
-1.359635829925537109
1.769165992736816406
-0.077034950256347656
-0.248818784952163696
-0.050932887941598892
6.230379104614257812
-0.438655197620391846
0.891591429710388184
0.884992122650146484
1.225547909736633301
-0.177150726318359375
2.834462881088256836
0.457244545221328735
-0.957731485366821289
-1.582985997200012207
-2.455748081207275391
0.581487238407135010
-1.105302810668945312
3.221028804779052734
-0.372462600469589233
0.256854772567749023
-0.404005646705627441
-2.799500703811645508
2.823243379592895508
-1.307238817214965820
1.624886631965637207
-1.053815722465515137
-0.160040646791458130
0.895469248294830322
1.239695906639099121
-0.029275327920913696
-1.811299085617065430
-1.748221397399902344
0.105103343725204468
1.277512073516845703
2.771004199981689453
-1.863042712211608887
-2.261943101882934570
4.733318328857421875
-1.229534626007080078
4.073039054870605469
0.883573710918426514
2.995799064636230469
3.313285827636718750
1.650316357612609863
-0.284247070550918579
0.646508872509002686
0.164330035448074341
-2.306804418563842773
0.787005245685577393
-1.640287876129150391
-2.362334012985229492
-0.758245050907135010
0.351130574941635132
0.219222277402877808
-1.711961507797241211
0.796421051025390625
2.068276643753051758
-0.531920790672302246
-0.526985108852386475
0.677311956882476807
3.096042394638061523
3.594973087310791016
0.466259479522705078
-0.408172845840454102
0.489841938018798828
-2.336668252944946289
-0.381834745407104492
-0.300913065671920776
0.716361224651336670
2.164424419403076172
2.207770347595214844
1.692200183868408203
1.743719100952148438
0.249479889869689941
1.586693167686462402
-2.255011796951293945
0.671259880065917969
-3.241155624389648438
0.409885525703430176
0.532728612422943115
2.198555231094360352
1.434307575225830078
2.435005903244018555
0.230458289384841919
-0.436107665300369263
1.290908336639404297
-0.333591401576995850
0.982681632041931152
0.328864365816116333
-0.167346030473709106
-0.974415063858032227
2.209151983261108398
-1.294628024101257324
2.795956850051879883
-1.866299510002136230
0.892561733722686768
0.961827099323272705
0.707432508468627930
0.824171066284179688
-3.934014797210693359
1.220533609390258789
1.068740606307983398
-0.143134400248527527
-1.882797479629516602
2.228300571441650391
1.089723110198974609
1.620327711105346680
-0.564750850200653076
-0.379396617412567139
3.112756252288818359
-1.143984913825988770
-1.131731748580932617
1.435740590095520020
0.069321922957897186
0.783036530017852783
1.049572944641113281
-0.891660809516906738
-1.699049711227416992
-0.887528300285339355
-0.401739269495010376
1.963168382644653320
1.451681852340698242
-1.934594273567199707
1.847909212112426758
1.185378074645996094
-1.148792386054992676
-2.540131807327270508
3.628450155258178711
-0.106126263737678528
4.802403926849365234
1.207807183265686035
1.254962205886840820
3.011835336685180664
0.796721816062927246
1.052366614341735840
-0.399484276771545410
0.610780835151672363
2.766306638717651367
-0.268640428781509399
-1.147043466567993164
0.380690038204193115
1.004490971565246582
1.189041972160339355
4.978147506713867188
3.935091972351074219
-0.312998831272125244
0.424362003803253174
-0.883483469486236572
-1.435392379760742188
0.704281568527221680
-0.787096023559570312
0.307143867015838623
0.088348954916000366
-0.271142601966857910
1.578747391700744629
0.883885502815246582
-0.046594485640525818
-1.513943672180175781
0.928103327751159668
1.038884282112121582
-2.773522853851318359
-0.127684101462364197
-0.550410985946655273
-1.107017040252685547
1.240266561508178711
0.011273503303527832
0.268107920885086060
0.763924360275268555
-0.590204477310180664
0.746252954006195068
0.212941825389862061
1.205247879028320312
3.261099815368652344
1.739862799644470215
0.889705479145050049
2.242914915084838867
1.458073735237121582
-2.305198907852172852
3.636519908905029297
0.543780326843261719
-1.940172314643859863
-1.081097841262817383
-1.098667621612548828
-0.618615031242370605
-0.003267347812652588
-1.727838635444641113
0.712606787681579590
0.370314866304397583
2.943423748016357422
-3.691079854965209961
-0.047844395041465759
-0.322533488273620605
-0.731231510639190674
0.494781017303466797
0.268215835094451904
0.269171923398971558
0.029017955064773560
1.048140287399291992
0.469398170709609985
-0.313565135002136230
1.553813219070434570
-0.012149669229984283
-0.211519211530685425
-0.102220296859741211
3.367763996124267578
5.053118228912353516
2.151673793792724609
-0.273135185241699219
0.286096572875976562
0.240930616855621338
-0.290433228015899658
1.074970960617065430
3.143656730651855469
-0.583681583404541016
0.286515772342681885
3.041331768035888672
-2.134768009185791016
-2.129337549209594727
1.272041678428649902
0.633911132812500000
-1.753795146942138672
1.030825972557067871
1.999836802482604980
0.988461554050445557
-2.176384449005126953
-3.920232295989990234
-1.585724711418151855
-0.656534254550933838
2.401365995407104492
-0.794352114200592041
-1.457144260406494141
0.514127731323242188
1.484332680702209473
0.088327929377555847
-4.060033798217773438
-0.455627173185348511
0.161071792244911194
-1.651118040084838867
-0.883232951164245605
1.560676813125610352
0.851677715778350830
-1.196920752525329590
0.886408925056457520
0.799309968948364258
-0.576336562633514404
-0.353031307458877563
-1.050273776054382324
-1.851225733757019043
-1.116441965103149414
-0.306732773780822754
-1.113134503364562988
-0.492287188768386841
4.755235671997070312
1.373512268066406250
1.269972443580627441
2.545686006546020508
0.629263341426849365
0.272549301385879517
0.760456383228302002
-0.782909035682678223
0.811346292495727539
-1.409894585609436035
2.423846483230590820
0.266618907451629639
3.113723754882812500
0.782450556755065918
-0.797196745872497559
0.764097690582275391
3.550579547882080078
0.216008037328720093
2.142729520797729492
1.009110450744628906
-0.610032618045806885
0.921896338462829590
-1.345432639122009277
-0.925890922546386719
-0.204432189464569092
-1.505620241165161133
0.125548720359802246
2.115456819534301758
2.594194650650024414
1.420012474060058594
0.767364740371704102
-1.672404289245605469
-2.401118278503417969
-0.897773802280426025
-2.919061899185180664
-0.709156870841979980
-1.555942773818969727
0.193108603358268738
-1.614926218986511230
-2.201682090759277344
-0.177240014076232910
-1.798088312149047852
-1.327971696853637695
-1.453652262687683105
-3.237341165542602539
-0.326707988977432251
-1.678313493728637695
-1.948064804077148438
-1.651695728302001953
-2.110384702682495117
-1.425506353378295898
-0.732627153396606445
-2.818738698959350586
-0.935700416564941406
-1.427164196968078613
-1.068017244338989258
1.914144158363342285
0.276875853538513184
2.148461818695068359
1.576606273651123047
-0.250590890645980835
0.027130484580993652
1.526275873184204102
-1.411206245422363281
-1.869315385818481445
0.852766633033752441
0.664068102836608887
-1.004669189453125000
-1.071100234985351562
-0.847953200340270996
-1.574915409088134766
-0.234113454818725586
-0.997519075870513916
-2.945519208908081055
0.655634403228759766
0.708075821399688721
1.616803884506225586
-0.430103719234466553
-1.192335844039916992
2.957521915435791016
-0.753635287284851074
0.486048579216003418
1.004618406295776367
2.032017469406127930
0.899200439453125000
2.564342021942138672
1.713707685470581055
-2.629224538803100586
1.862330675125122070
0.486526846885681152
-2.477586507797241211
0.230822652578353882
1.095175981521606445
1.190253138542175293
-1.192737221717834473
1.042795419692993164
0.825917243957519531
0.116758532822132111
0.393616467714309692
-1.101448059082031250
-1.744518280029296875
-2.407184839248657227
-1.699799537658691406
-1.225994586944580078
-2.323841333389282227
-1.313235759735107422
0.815165579319000244
1.738828301429748535
