-2.211205244064331055
-1.109238028526306152
-0.239351451396942139
-0.441690474748611450
0.284464001655578613
-1.248488664627075195
-0.695696890354156494
-1.344238877296447754
-1.057147145271301270
-0.385849982500076294
-1.376525998115539551
0.047475166618824005
0.103648751974105835
0.200432211160659790
0.421378165483474731
0.192720606923103333
0.115537747740745544
-0.076107233762741089
1.360463142395019531
0.655455887317657471
-2.268975734710693359
-0.193289726972579956
0.705934047698974609
0.710028409957885742
-0.320659488439559937
-1.952205657958984375
-2.202274322509765625
-1.703814268112182617
-1.723586797714233398
-1.577300071716308594
-3.562838554382324219
-0.716925978660583496
-3.729260444641113281
-0.777613341808319092
-0.727212190628051758
-3.682842731475830078
-1.072954177856445312
-1.998546838760375977
-0.371858924627304077
-0.629008412361145020
0.985837757587432861
-0.983735322952270508
-0.306422442197799683
-1.023361563682556152
-0.559325873851776123
-0.056805297732353210
0.987574934959411621
-1.435245990753173828
-0.837335646152496338
-1.888988614082336426
-0.366443365812301636
-2.116576433181762695
-0.518249332904815674
-0.798733174800872803
-0.386445671319961548
-0.997450947761535645
-0.930634260177612305
-1.649250507354736328
-0.523385643959045410
-0.862408280372619629
0.567640542984008789
-1.171865820884704590
-0.981779992580413818
-0.030292920768260956
-0.631038129329681396
-0.185165375471115112
-0.185052022337913513
-0.257091134786605835
-0.614275336265563965
1.923993587493896484
-1.080019116401672363
0.650497078895568848
-0.935073494911193848
-0.366315811872482300
-0.485761642456054688
0.085680991411209106
-0.249084010720252991
0.968482851982116699
1.734955787658691406
2.613692998886108398
-0.229372426867485046
-0.108890928328037262
-0.546825885772705078
-1.026851296424865723
-0.082703351974487305
0.856748938560485840
-1.403341531753540039
1.246052026748657227
-0.656656146049499512
0.281370431184768677
-2.366936922073364258
-1.330350995063781738
-0.654471576213836670
-0.370384037494659424
0.428049147129058838
-2.515708684921264648
-0.069208033382892609
-1.673092842102050781
-1.778639912605285645
-0.063023343682289124
-0.395205348730087280
-1.254154205322265625
-1.186187863349914551
-2.982489347457885742
-2.102289915084838867
-2.623106956481933594
-2.594039201736450195
0.280966967344284058
-0.614335596561431885
-0.014500321820378304
-1.782589316368103027
1.936501145362854004
-0.162547871470451355
-0.539737164974212646
-0.010334502905607224
-1.583029866218566895
-1.350376963615417480
0.252521216869354248
-0.764742612838745117
-2.252415180206298828
-1.444594860076904297
-1.235358476638793945
-1.639401555061340332
-1.708614110946655273
-1.324707508087158203
-1.104488134384155273
1.431620955467224121
-0.249994859099388123
-0.045118328183889389
-1.640142440795898438
-2.225805282592773438
-2.298683643341064453
-0.784474074840545654
-1.119949340820312500
-1.242327094078063965
-1.860016465187072754
-2.587002038955688477
-0.920768618583679199
1.000453948974609375
-1.304493188858032227
-1.869350790977478027
-0.950956761837005615
-2.719824075698852539
0.756469428539276123
-1.356945514678955078
-1.704330921173095703
-0.560159802436828613
-1.018919348716735840
-1.997758388519287109
-1.421556115150451660
-2.256448268890380859
0.515827000141143799
-1.894899725914001465
1.298025250434875488
-0.889166355133056641
0.264551281929016113
-0.342334449291229248
0.099721461534500122
0.100441731512546539
-0.965235888957977295
-1.696351408958435059
-0.494005292654037476
0.849116086959838867
-0.779409766197204590
0.047075945883989334
-1.085944533348083496
-1.108426928520202637
-2.463858127593994141
-0.322388559579849243
-0.851329803466796875
-0.418494880199432373
1.092950344085693359
-0.486567765474319458
0.168395593762397766
-1.001403927803039551
-2.080259084701538086
-1.649496912956237793
-0.716670989990234375
0.679128468036651611
-1.201741456985473633
-0.761651813983917236
-0.105914041399955750
-0.194480612874031067
-0.159440219402313232
-0.959329962730407715
-0.763364911079406738
-1.319009542465209961
0.537541806697845459
-1.216511368751525879
-0.552493989467620850
-0.805915176868438721
-0.042737834155559540
1.024376869201660156
-1.172254323959350586
-2.437000751495361328
0.852905869483947754
0.682508647441864014
-1.042974591255187988
-1.670036196708679199
0.650625109672546387
-1.172918081283569336
0.388766497373580933
-0.182511270046234131
1.051162719726562500
-0.044881712645292282
-1.028692603111267090
-2.295770168304443359
-1.878917098045349121
-1.284441232681274414
-1.100552916526794434
-1.394138693809509277
-2.318742990493774414
-0.052077490836381912
-0.664756655693054199
-1.291592001914978027
0.059709917753934860
-1.606018424034118652
0.925656497478485107
-1.628442406654357910
0.242875516414642334
-1.753715038299560547
-1.815482735633850098
-1.483108162879943848
0.323948889970779419
-1.147284030914306641
-1.110492825508117676
-1.060048818588256836
-0.738356232643127441
-0.766182780265808105
-0.248494759202003479
0.174843668937683105
-1.595661640167236328
-0.134828463196754456
-1.708156228065490723
-1.027588486671447754
-0.693997025489807129
-0.618627190589904785
0.937118768692016602
-0.767724871635437012
-1.948405504226684570
-2.110506772994995117
-2.563512802124023438
-0.071664839982986450
-1.256394147872924805
-3.756449460983276367
-0.254807591438293457
-0.394733667373657227
-1.181950688362121582
0.050728797912597656
-1.553177952766418457
-0.888974428176879883
-0.052191689610481262
-0.067182689905166626
-0.297056108713150024
0.363851279020309448
-2.994962215423583984
-1.781522154808044434
-1.082178473472595215
-0.047098241746425629
0.088626466691493988
-1.670593261718750000
-1.113605737686157227
-2.815409898757934570
-0.187968283891677856
-0.721386551856994629
1.009584307670593262
0.685808300971984863
-1.506754398345947266
-1.348507881164550781
-2.010809183120727539
-0.788668930530548096
-2.317388296127319336
-0.007109658326953650
-1.376985669136047363
-2.741765260696411133
-1.627496838569641113
-2.085312128067016602
-2.297019720077514648
-2.071432113647460938
-0.668571293354034424
-1.546373844146728516
0.464300721883773804
-0.075558885931968689
1.092411398887634277
1.303572654724121094
0.759146690368652344
-2.162249326705932617
-2.089222431182861328
-2.285248279571533203
-2.115536689758300781
-3.118196010589599609
-2.577053070068359375
-1.940332889556884766
-1.166643261909484863
-2.897694110870361328
-1.823049306869506836
-0.405471831560134888
-2.248393058776855469
-1.931923031806945801
-0.600824356079101562
-2.696740627288818359
1.327670574188232422
-1.317214369773864746
0.060183748602867126
-1.006480932235717773
-2.157338142395019531
-0.055942513048648834
-0.574287533760070801
0.385194659233093262
-2.030473232269287109
1.227899909019470215
-0.165065497159957886
-1.091197252273559570
1.871819138526916504
0.331724971532821655
0.863828063011169434
-0.042257178574800491
0.477942198514938354
0.155325874686241150
-0.461418449878692627
-0.786178171634674072
-2.258520841598510742
-2.037729501724243164
-2.833267211914062500
-1.735966324806213379
-2.485998868942260742
-2.062127351760864258
0.736010491847991943
-0.748502075672149658
-1.825008392333984375
-0.417446881532669067
-0.740604043006896973
-0.559892475605010986
-0.383372962474822998
-1.192256093025207520
-1.715771079063415527
-1.643216013908386230
-1.832474827766418457
-0.560222327709197998
-2.957181692123413086
-0.749951481819152832
-2.698142528533935547
-2.631721496582031250
-2.800386905670166016
-2.646222114562988281
-2.398243188858032227
-3.112690448760986328
-2.188983201980590820
-1.527981162071228027
-1.379647970199584961
-0.966031968593597412
-2.026393651962280273
-2.436148166656494141
-0.533972501754760742
-1.365742921829223633
-1.049979209899902344
-0.485141217708587646
-1.480327963829040527
-0.349954128265380859
0.191144138574600220
-2.464982509613037109
0.154705002903938293
-1.833752512931823730
-0.602377116680145264
-1.533345937728881836
-0.503911614418029785
-1.975794434547424316
-0.773372411727905273
-0.334153383970260620
-0.984692454338073730
-3.117157697677612305
-3.149952173233032227
-1.613356113433837891
-2.486502408981323242
-1.243625044822692871
-1.979707002639770508
-3.522259712219238281
-1.386638998985290527
-2.199895381927490234
-1.728910923004150391
-2.772347211837768555
-1.943139433860778809
-1.520028352737426758
-1.552532076835632324
-3.397008419036865234
-1.404213428497314453
-0.731552064418792725
-3.780526161193847656
-2.669656753540039062
-0.575898647308349609
-1.321904182434082031
-0.965148568153381348
-2.167242527008056641
-0.927030920982360840
0.144045501947402954
1.190937995910644531
-1.399906873703002930
-1.315904498100280762
1.287292003631591797
1.514174222946166992
-0.599695742130279541
0.002052305266261101
1.649527788162231445
-1.319154620170593262
-0.544512510299682617
0.943042814731597900
0.698105633258819580
-0.806355893611907959
-2.112400054931640625
1.909715294837951660
-0.040820475667715073
3.679155588150024414
1.262907266616821289
1.650413036346435547
3.449664115905761719
0.193773478269577026
2.813773393630981445
0.481194853782653809
2.343262434005737305
2.368338346481323242
0.752713084220886230
0.876891255378723145
-0.001203784951940179
-1.042978763580322266
-1.462178826332092285
-0.400911062955856323
0.727597057819366455
0.394124925136566162
-0.678139626979827881
0.409779667854309082
-0.030799765139818192
4.465550422668457031
0.534889459609985352
-1.266845583915710449
4.246591091156005859
1.593594670295715332
-0.909177780151367188
1.213300704956054688
0.257264405488967896
-0.521537244319915771
0.593396842479705811
-0.330567479133605957
1.032803177833557129
3.473302841186523438
-0.921521961688995361
-1.215419054031372070
6.109662532806396484
0.266960322856903076
2.309077262878417969
-2.326343536376953125
-1.767974972724914551
4.025249958038330078
1.764939069747924805
-0.037590365856885910
-1.404359459877014160
2.137050628662109375
-0.258918285369873047
1.512356638908386230
2.976141929626464844
0.652635455131530762
1.902363300323486328
1.499010801315307617
3.327719688415527344
0.215588763356208801
4.077046394348144531
3.030007600784301758
-1.845790028572082520
-1.728827714920043945
0.104988746345043182
-0.092068605124950409
3.886695623397827148
0.171506851911544800
-2.460552453994750977
1.199120521545410156
2.124849319458007812
0.418865054845809937
-2.769930839538574219
1.860704779624938965
4.598329067230224609
-0.798771739006042480
1.548603653907775879
1.352513074874877930
0.787854790687561035
-1.388024687767028809
-0.536963284015655518
0.589154064655303955
-1.614028811454772949
0.355091869831085205
1.943307518959045410
2.106824874877929688
2.353385925292968750
0.369387954473495483
3.228724002838134766
1.101152539253234863
1.034355759620666504
-0.478376358747482300
1.651259303092956543
-0.521284937858581543
2.046065092086791992
2.304562330245971680
1.412511110305786133
0.695744395256042480
-0.239035755395889282
0.181840032339096069
0.406389176845550537
0.038417521864175797
0.384790629148483276
0.481649369001388550
1.591392517089843750
-0.748265564441680908
-1.374965310096740723
-0.863723576068878174
1.411138296127319336
0.911723315715789795
1.165166616439819336
1.388513088226318359
4.142725944519042969
0.770712673664093018
-0.713979065418243408
1.072606921195983887
3.756485462188720703
-0.950462937355041504
-0.611432611942291260
1.706261992454528809
0.541481196880340576
-1.557698369026184082
0.043736107647418976
0.539918661117553711
0.331543058156967163
2.322982549667358398
1.785063505172729492
-0.533496201038360596
0.969391167163848877
3.861232757568359375
0.956770122051239014
-2.199422597885131836
-2.511180639266967773
-0.344824612140655518
-0.084309220314025879
2.820408344268798828
-1.049377679824829102
0.196873888373374939
2.422875404357910156
0.884521543979644775
-0.522574245929718018
2.333062648773193359
0.233715340495109558
-4.121050834655761719
0.027592096477746964
6.785873413085937500
-2.079793691635131836
-0.183206006884574890
1.919556379318237305
1.743817567825317383
-0.082314327359199524
-1.268677234649658203
4.172999382019042969
2.527663469314575195
2.422490119934082031
1.140077233314514160
-0.700534820556640625
0.268230944871902466
1.227779388427734375
3.343379974365234375
3.016487598419189453
0.116039738059043884
-0.979602754116058350
0.867814898490905762
0.749171078205108643
-2.311837434768676758
1.032906293869018555
-0.669545471668243408
1.403848052024841309
-0.904693841934204102
0.876822650432586670
-0.575315475463867188
-2.715124607086181641
0.196948453783988953
0.362814128398895264
-0.479271113872528076
-2.060150384902954102
0.454677700996398926
-1.819757223129272461
1.771946191787719727
1.847845911979675293
0.267697900533676147
-1.042499780654907227
3.003009319305419922
4.190998554229736328
1.868436574935913086
-1.956183791160583496
4.653155803680419922
0.022379165515303612
0.567747056484222412
0.123571120202541351
-0.885190844535827637
2.991228342056274414
2.096664428710937500
1.840467810630798340
2.428817987442016602
3.800810575485229492
1.447367548942565918
0.271294742822647095
-2.151452779769897461
0.147316411137580872
0.926503241062164307
3.236824512481689453
0.165497049689292908
2.387860059738159180
-2.018997192382812500
3.205500125885009766
0.844870150089263916
-1.806012630462646484
0.927882671356201172
0.846541523933410645
1.543741226196289062
4.191828727722167969
1.351614952087402344
3.728276014328002930
5.096501350402832031
2.581902742385864258
-0.785526454448699951
1.435373067855834961
4.704848766326904297
-1.222619652748107910
-2.169243574142456055
2.445126771926879883
-0.499453246593475342
-0.975323796272277832
0.562087178230285645
0.096128828823566437
1.647130131721496582
2.813835144042968750
0.265688598155975342
-0.430761456489562988
-1.040267705917358398
3.950877189636230469
1.733781576156616211
0.083527348935604095
0.278558880090713501
1.770557045936584473
0.007108973339200020
0.286833673715591431
0.777456283569335938
4.342864990234375000
-0.063202053308486938
1.466973781585693359
1.011448025703430176
1.447260618209838867
1.126430392265319824
2.492172002792358398
0.231299161911010742
1.069248914718627930
-1.012150287628173828
-1.183797836303710938
2.130751848220825195
0.126033529639244080
2.194370031356811523
-0.422206670045852661
0.380861043930053711
-0.285585820674896240
-1.893518686294555664
1.945186257362365723
-0.115511365234851837
1.044859886169433594
-2.128475904464721680
-0.345260500907897949
1.794194340705871582
-0.366095125675201416
3.173004150390625000
-1.622723460197448730
-2.588521718978881836
0.246975570917129517
0.010439049452543259
1.069452285766601562
-1.149498581886291504
-0.880727469921112061
3.863390684127807617
0.159783840179443359
2.554155349731445312
0.680204331874847412
1.878543615341186523
3.153918027877807617
1.021071076393127441
-0.169139266014099121
-0.997235417366027832
0.773723542690277100
-0.908451616764068604
-0.222677528858184814
0.669432580471038818
-3.361225605010986328
0.158886060118675232
5.081035137176513672
-0.292513281106948853
-1.265114665031433105
1.235720992088317871
1.824371933937072754
1.705008864402770996
-1.458143353462219238
1.218409299850463867
5.685396671295166016
2.083755731582641602
0.589262366294860840
0.537701010704040527
1.240634679794311523
-1.445274472236633301
-0.240392684936523438
0.719440221786499023
3.652900934219360352
3.708668708801269531
0.992972850799560547
2.087667703628540039
-0.134488418698310852
-0.212226495146751404
-0.392620652914047241
-0.649052441120147705
1.023302197456359863
-2.954713344573974609
0.271759599447250366
-0.543054640293121338
0.657154202461242676
7.541689872741699219
0.411744922399520874
0.366617262363433838
-1.460834145545959473
1.371673226356506348
-0.497497379779815674
-0.268384754657745361
2.356351375579833984
0.648773610591888428
-0.249064609408378601
2.518593788146972656
0.091445997357368469
2.448226928710937500
-1.621430158615112305
0.495306730270385742
-0.054582435637712479
-0.707778871059417725
0.789007246494293213
-1.290220737457275391
0.583847284317016602
2.855149030685424805
-0.180974632501602173
-0.104500353336334229
1.576960682868957520
1.520189166069030762
2.246860027313232422
1.223390460014343262
4.470936298370361328
4.251646041870117188
5.092960834503173828
-0.595885336399078369
0.932403206825256348
3.684794187545776367
1.167005419731140137
-1.564571619033813477
0.800594747066497803
-1.173416256904602051
-0.864197850227355957
-0.326180040836334229
1.916069269180297852
0.488728523254394531
-0.595356404781341553
1.698837161064147949
2.930604219436645508
1.541653871536254883
-2.038741827011108398
2.587767839431762695
-0.680809617042541504
2.597920417785644531
1.404460191726684570
1.079754471778869629
2.980723857879638672
0.238183856010437012
0.672753810882568359
-0.067727662622928619
0.486274957656860352
5.038759708404541016
1.040389537811279297
-2.137549161911010742
0.252128779888153076
0.230274438858032227
1.845215797424316406
3.796027898788452148
2.027989864349365234
3.887876749038696289
1.297131776809692383
0.408500224351882935
-0.295636713504791260
2.261630535125732422
1.148668050765991211
0.996581256389617920
2.469784498214721680
0.869616985321044922
4.860935211181640625
0.046434462070465088
0.631255209445953369
3.653911352157592773
1.498455166816711426
1.728567838668823242
-2.563990116119384766
-1.636878252029418945
-1.545835971832275391
-0.156815603375434875
1.640188694000244141
0.136096253991127014
0.200734108686447144
-1.143550038337707520
0.492761492729187012
0.602700531482696533
-0.359398663043975830
2.465420722961425781
0.907077729701995850
2.406336545944213867
-2.378002166748046875
0.443093478679656982
1.772067904472351074
-1.227064132690429688
1.745336174964904785
-0.722246348857879639
-2.100200414657592773
-2.272521018981933594
-1.479091644287109375
0.671920061111450195
1.358847498893737793
0.789398491382598877
-0.300649046897888184
1.013439178466796875
1.899196386337280273
-4.034826278686523438
2.350597620010375977
4.896770477294921875
0.010242884047329426
-0.205386623740196228
2.053568840026855469
0.585332453250885010
-0.363147765398025513
1.221933603286743164
1.210748672485351562
-0.758930444717407227
3.163981676101684570
1.945640325546264648
-0.108149126172065735
0.224206522107124329
3.903091192245483398
3.041944742202758789
3.628314733505249023
0.980894267559051514
0.763949513435363770
1.078564882278442383
0.727712273597717285
1.454065322875976562
1.642335295677185059
0.750229239463806152
1.805389642715454102
1.962900876998901367
-2.248174190521240234
0.861094772815704346
2.239078521728515625
0.576250493526458740
-1.036479115486145020
0.102701194584369659
1.900020599365234375
1.425459146499633789
-2.813125371932983398
-2.387474775314331055
-1.214230060577392578
-1.196914553642272949
3.304901838302612305
1.874439716339111328
-1.788712501525878906
0.291659623384475708
1.849856615066528320
-0.217897281050682068
-3.229207992553710938
-0.332331508398056030
1.161888003349304199
-0.959697067737579346
-0.882741570472717285
1.464020848274230957
0.458126604557037354
0.473995089530944824
2.024517297744750977
0.938042998313903809
1.144162654876708984
4.753542900085449219
-0.457160174846649170
0.780592501163482666
-1.552208900451660156
-0.857477545738220215
-2.062124729156494141
-0.320518165826797485
4.467085838317871094
5.020749568939208984
2.974892854690551758
1.046133279800415039
2.922720909118652344
-0.042758647352457047
1.840424060821533203
-0.308662265539169312
0.097240395843982697
-1.599619865417480469
1.644269347190856934
-0.398714691400527954
4.655316829681396484
5.393506526947021484
2.225770473480224609
1.907019853591918945
1.083039164543151855
-0.943532943725585938
2.621881484985351562
2.346891880035400391
-0.448340743780136108
-1.118796467781066895
-1.476392269134521484
1.376750349998474121
-0.362389534711837769
-1.588363885879516602
0.667539238929748535
2.445716619491577148
1.195597171783447266
2.635448932647705078
1.310458898544311523
-1.395120501518249512
-0.071937412023544312
-1.164034605026245117
-3.263120174407958984
-0.563651740550994873
-0.512799978256225586
1.459620952606201172
0.637536287307739258
-0.648603498935699463
0.623405992984771729
0.258897304534912109
1.266814351081848145
-0.649611651897430420
-1.478080511093139648
-1.146672964096069336
-0.465655833482742310
-1.196302533149719238
-2.545194387435913086
-2.385766983032226562
-2.255536794662475586
-0.232800871133804321
-1.416729211807250977
-1.874193549156188965
-2.273452520370483398
-0.274131000041961670
0.695595026016235352
-0.426793277263641357
0.543801605701446533
-0.040746197104454041
-0.686273336410522461
0.983798801898956299
0.768230020999908447
-0.155377760529518127
-0.472570031881332397
-1.667573451995849609
0.449795365333557129
-1.464617490768432617
-0.483305931091308594
1.090840578079223633
-0.773301720619201660
0.631721436977386475
-0.325737804174423218
0.267166435718536377
0.863075554370880127
-0.358401954174041748
1.456032514572143555
-0.693425416946411133
-1.167235374450683594
1.521937131881713867
-1.134398341178894043
-1.482240557670593262
-0.099393427371978760
0.059542395174503326
-0.743960499763488770
1.534505605697631836
-0.887232959270477295
-2.940145015716552734
-0.466316908597946167
0.398783504962921143
0.282584071159362793
-1.772859573364257812
-0.841586947441101074
-0.023398190736770630
-3.788402795791625977
0.610129952430725098
-1.187011718750000000
-1.701894998550415039
-0.547421634197235107
-2.469557285308837891
-1.643900156021118164
-3.151160717010498047
-1.854703545570373535
-2.588548898696899414
-1.779053568840026855
-2.258183002471923828
0.239556863903999329
4.405262470245361328
