2.814453
0.205688
0.823730
2.728516
0.464844
0.298096
1.605469
1.778320
0.729980
0.861816
0.956543
0.000000
0.041321
1.849609
0.000000
2.126953
0.099609
0.105774
0.019165
0.000000
1.066406
0.278809
1.020508
0.441406
0.378174
0.006962
0.000000
0.088867
2.300781
0.068665
0.000000
0.000000
0.162598
0.378174
0.337158
0.155396
0.528809
1.837891
0.000000
0.640137
0.014915
0.063965
0.330322
0.559082
1.898438
0.594238
0.914062
0.066650
0.203491
0.280518
1.106445
1.017578
1.552734
0.294434
0.481934
0.235229
0.029663
2.115234
3.185547
1.141602
0.000000
0.964844
0.854492
0.803711
1.327148
0.105530
1.251953
0.055481
0.035828
2.150391
0.255859
3.074219
0.586914
0.554199
0.019104
0.311768
0.926270
0.065796
0.785645
0.264160
0.339600
0.177002
0.000000
0.175903
0.198364
1.862305
0.044983
0.174805
0.000000
4.023438
1.648438
0.782227
0.411377
0.351318
1.301758
0.761719
0.113464
0.748047
0.082031
0.695801
0.028351
0.477539
1.560547
0.309326
3.751953
1.391602
0.558105
1.302734
0.481445
0.026382
3.550781
0.713379
0.221436
1.700195
0.454346
0.657715
0.910156
2.527344
0.498535
0.000000
1.041992
0.805664
0.601074
0.153687
0.685547
0.177490
1.069336
0.582520
0.108032
0.232910
1.526367
1.251953
0.045105
0.134033
0.220459
0.452637
1.332031
1.188477
0.757324
1.689453
0.354248
1.023438
0.558594
0.123718
1.906250
0.004913
1.985352
0.856445
0.009445
0.093445
0.932129
0.006947
0.395020
0.434814
0.541992
0.659180
0.000000
0.167847
0.161865
2.492188
0.170532
0.364990
0.000000
1.550781
0.465820
0.078857
1.052734
2.013672
1.618164
0.022781
0.047913
1.077148
1.771484
2.832031
0.171021
1.295898
0.560059
2.259766
0.868652
1.478516
1.155273
0.125977
0.146118
0.865234
0.547363
0.401611
0.402344
0.383545
1.791992
0.894531
0.009888
0.401855
1.948242
2.390625
0.124268
0.744141
0.024536
1.703125
0.100525
0.116028
0.128174
0.135010
1.424805
0.409180
2.970703
0.425781
0.208008
0.106201
0.313477
1.042969
2.951172
0.664551
0.703613
0.254395
2.117188
0.041534
0.172363
1.984375
0.013412
1.780273
0.000000
0.528809
0.717285
0.662598
0.322510
1.707031
0.663086
0.249268
0.464600
1.882812
0.199585
0.263916
0.032623
1.385742
0.000000
0.311035
0.330078
0.039856
1.403320
1.933594
0.042725
0.296875
0.204468
0.234619
1.141602
1.467773
0.470215
1.570312
2.130859
0.109009
2.824219
0.550293
1.600586
0.024597
0.000000
0.144287
0.000000
1.575195
0.031403
1.266602
0.194458
0.054810
0.434570
0.000000
0.802734
0.487793
0.265869
0.183838
0.279541
0.204590
0.269775
0.520020
0.263184
0.107910
0.000000
0.947754
0.352539
1.524414
0.351318
1.375000
0.856934
2.501953
0.019363
0.462891
0.057617
0.242065
0.038116
0.858887
2.152344
1.959961
0.040314
0.093018
0.664062
0.343018
0.227051
0.159180
0.781738
1.031250
0.031311
0.890137
0.542480
0.633301
1.931641
3.550781
0.961914
1.440430
0.120911
2.248047
1.252930
1.384766
0.032349
0.364746
0.321533
0.833008
0.144409
0.791992
0.560547
0.109741
1.852539
0.461914
0.093750
0.338379
1.418945
1.333984
0.324219
0.120483
0.550781
1.584961
0.585449
0.298096
0.514648
1.540039
0.130371
0.000000
0.435791
0.560059
0.051758
1.097656
0.310303
0.451416
0.021790
0.238647
0.445312
0.972168
1.013672
0.414307
1.935547
1.442383
0.433594
0.028656
0.221313
2.306641
0.080688
0.014648
0.550293
1.245117
0.322510
0.473633
1.968750
0.000000
1.307617
3.000000
0.209839
1.034180
0.192017
0.179077
0.581055
0.514160
1.018555
0.000000
2.548828
0.244629
0.574707
0.780762
0.380859
0.929199
0.180420
0.087097
1.390625
0.841309
0.049042
0.320312
0.250244
1.107422
0.118469
0.378174
0.021515
1.709961
0.158447
0.789062
0.964355
0.871094
0.053925
0.475098
0.681641
1.193359
2.900391
0.094971
0.832031
1.122070
3.476562
0.104431
0.280762
0.769531
0.547363
0.042145
0.820312
0.020462
0.892090
0.718262
0.955078
2.386719
0.304932
0.723145
0.863281
1.824219
0.057068
0.955078
1.846680
2.539062
1.080078
0.298584
0.034393
0.000659
0.216553
0.764648
0.904785
1.421875
0.737305
0.012604
0.881348
0.169067
1.019531
1.204102
0.030426
1.573242
0.720215
0.124573
2.671875
1.891602
0.314941
0.785156
0.000000
0.269043
0.960938
0.123413
1.586914
0.071472
0.814941
0.067993
0.664551
1.024414
0.172729
0.116638
1.058594
1.792969
2.939453
0.302734
0.642090
0.848145
1.079102
0.071289
1.661133
0.256836
0.035217
0.119934
0.290527
1.359375
0.818359
0.960938
1.130859
1.376953
0.324219
0.000000
1.058594
0.000000
0.633789
0.000000
0.764160
0.157471
0.338135
0.286621
0.000000
0.420654
0.164795
1.227539
0.109558
0.924316
0.481934
1.817383
0.121338
2.296875
0.067993
0.404785
0.311523
0.810547
0.161743
1.035156
1.173828
1.052734
0.054749
0.543457
0.427734
0.971680
0.556641
0.000000
0.314697
0.011284
0.398926
0.190918
0.573730
0.550293
0.227173
0.952148
0.185913
0.696289
1.018555
1.277344
1.428711
0.683105
1.447266
0.637695
0.022659
0.150269
2.701172
0.264160
0.216309
0.591797
0.198486
0.701172
0.318848
1.307617
1.821289
0.263184
0.632324
0.000000
0.103516
2.019531
0.294189
1.438477
0.654785
0.235474
1.551758
0.698242
0.153076
0.154785
0.534180
1.000977
1.560547
1.331055
2.281250
2.789062
2.490234
0.041748
0.014725
0.054504
0.360596
0.154053
0.115601
0.914551
1.167969
2.181641
0.167480
0.796387
0.142822
2.392578
2.785156
1.051758
0.096863
0.525391
1.738281
1.564453
0.000000
1.611328
1.204102
0.463135
1.641602
0.000000
0.874512
1.632812
3.195312
0.489502
1.932617
1.661133
0.158691
0.172119
1.477539
0.439941
1.408203
0.293701
1.229492
0.198975
0.115234
1.199219
0.361816
0.595215
2.511719
0.148315
0.484375
0.888184
0.000000
1.683594
0.307129
0.246216
0.117310
0.330322
1.299805
1.120117
0.567383
0.443604
1.446289
0.557129
0.646973
0.673828
1.976562
1.576172
1.749023
0.857422
1.650391
1.009766
0.417236
2.875000
0.000000
0.000000
1.807617
2.435547
0.287354
0.119812
0.937012
0.705078
0.275879
1.053711
0.219238
2.056641
0.699707
0.617676
0.023499
0.000000
0.055817
0.395508
0.437744
0.840332
0.103149
0.294434
0.000000
0.976562
0.097412
0.984375
0.327148
0.805664
0.719238
0.612305
0.000000
0.285889
1.248047
0.891602
0.035889
0.044647
1.033203
0.430420
0.752930
0.978516
0.516113
0.525879
0.171143
1.336914
0.032043
0.047424
0.150879
0.000000
0.058136
1.028320
0.613770
0.202148
0.350586
1.475586
0.099731
0.893555
1.261719
0.467529
0.095764
0.355957
0.128052
0.440430
1.690430
0.894531
1.392578
1.027344
2.181641
0.375488
0.128906
0.275146
0.088806
1.666992
0.461670
0.507812
0.907715
0.088745
1.672852
3.142578
0.309814
0.733398
0.777832
0.093750
0.092957
2.839844
0.692383
0.291992
0.914062
0.000000
1.060547
0.079224
0.157104
0.628906
0.001940
0.115845
0.000000
0.676758
1.060547
1.330078
0.922363
1.138672
0.916992
0.304199
0.036438
0.111206
0.899414
0.435059
2.746094
1.479492
1.526367
0.447998
0.137817
0.453613
0.210083
0.456543
0.254395
0.729004
2.078125
1.202148
0.266846
0.021820
1.944336
0.905273
0.113770
0.345947
0.182251
0.083191
1.126953
0.830566
1.573242
0.000000
0.088806
0.000342
0.435547
0.023315
0.317139
1.206055
0.000000
0.000000
1.144531
1.052734
0.090515
0.378662
0.000000
0.464844
0.028946
0.277100
1.231445
0.000000
0.116211
0.127930
0.019989
0.037628
0.000000
0.000000
3.320312
0.212891
0.159180
0.117554
0.280029
0.086182
0.116272
0.493896
0.397461
0.218262
0.028336
0.635254
0.361328
0.000000
0.562012
0.094727
0.000000
2.835938
0.024689
0.945801
0.048462
1.888672
3.134766
0.328857
1.031250
0.055908
3.087891
0.552734
0.859375
1.323242
0.535645
0.934570
0.341064
0.441406
0.854492
1.030273
0.871094
0.124512
1.270508
0.406738
0.736816
2.904297
2.283203
0.497803
1.167969
0.130859
1.468750
1.273438
1.453125
1.165039
0.314697
0.000000
2.369141
1.232422
0.122864
0.198486
0.000000
0.059021
0.003897
2.164062
0.192383
3.015625
0.214355
1.444336
0.744629
1.020508
0.012123
0.174927
1.249023
1.169922
0.542969
0.022141
0.496826
0.168701
0.884277
0.016693
1.032227
1.494141
0.486572
0.514648
0.568848
1.472656
0.428223
2.312500
2.003906
0.198853
1.604492
0.443848
1.477539
1.299805
0.469971
0.006847
2.031250
0.692383
2.021484
1.929688
1.287109
0.026093
0.000000
0.843750
0.536621
0.722656
0.070679
0.541016
2.179688
0.606934
0.534180
0.491455
1.016602
0.284912
0.191284
0.451172
0.050598
1.571289
0.271240
0.256836
0.155273
0.057617
0.461670
0.000000
1.081055
0.004440
0.000000
0.637207
0.371582
2.544922
0.468018
0.103333
0.869141
0.411865
0.424072
0.601074
0.802246
0.861328
3.054688
4.148438
1.415039
0.097961
2.515625
0.294678
0.204346
1.949219
1.395508
1.996094
1.171875
0.329834
0.691895
0.311279
0.085938
0.585449
0.005081
0.207397
0.456543
1.323242
1.118164
1.022461
0.179443
0.522949
0.497070
0.805664
0.542969
0.004147
0.265869
0.540039
0.288330
0.064941
0.618652
0.699219
0.134033
1.290039
0.978027
0.548828
0.250977
0.149780
0.132935
0.801758
0.220459
1.084961
0.004383
1.035156
0.354004
0.000000
0.000000
0.132690
0.909668
0.237183
1.543945
0.540039
0.730957
0.000000
1.995117
1.057617
0.059540
1.085938
0.130005
0.304443
1.645508
1.670898
1.693359
1.214844
0.064148
0.193237
0.089844
1.347656
1.394531
0.085999
0.501953
0.627930
1.212891
0.021561
0.183594
0.108643
0.006088
0.000999
1.792969
0.002522
1.105469
0.374268
2.271484
1.275391
0.000000
2.908203
1.617188
0.188477
0.216797
1.663086
2.656250
1.136719
0.202026
2.158203
0.599121
0.357178
0.483887
0.380127
0.174316
1.223633
0.392578
0.137817
0.000000
1.452148
0.075500
0.000000
0.867676
1.326172
0.046295
1.917969
0.764648
1.510742
