-4.320312
0.450684
-3.738281
0.743164
-1.353516
-0.834473
4.429688
0.744629
-2.906250
-0.717285
-0.866211
-5.105469
-4.992188
-2.923828
0.294434
-3.119141
-1.385742
-0.057373
3.142578
-1.347656
-2.101562
-2.605469
0.238403
-3.226562
-0.248047
1.340820
-3.441406
-4.542969
-4.472656
-2.375000
-5.246094
-2.789062
-4.226562
-3.345703
-3.550781
-0.304932
-2.824219
-0.973633
-1.357422
-2.128906
-0.547363
-4.019531
-1.285156
-3.253906
-4.128906
-2.824219
-3.939453
-7.101562
-5.953125
-1.749023
-4.441406
-1.340820
-2.072266
-1.041992
-0.825684
-1.908203
-6.945312
-0.898438
-1.909180
-0.169800
-0.470947
-2.033203
-4.109375
-3.183594
-1.657227
-6.066406
-5.179688
-3.115234
-1.715820
-3.320312
-0.229980
0.536133
1.529297
-3.972656
-0.673340
-2.812500
-1.601562
-0.306152
0.251953
1.344727
-0.122498
-1.062500
-2.521484
2.941406
-1.379883
-3.017578
0.310059
2.207031
4.238281
-2.759766
-5.542969
-4.496094
-3.509766
-6.101562
-0.026199
-2.775391
-5.718750
-4.800781
-3.361328
2.552734
-2.193359
-3.232422
-1.666016
-0.098999
2.183594
-3.283203
-0.082336
0.416016
-2.968750
-4.242188
-8.539062
-5.191406
-1.603516
-3.675781
-1.847656
-3.675781
-7.179688
-2.916016
-0.869141
0.375977
-1.561523
-3.705078
-0.771484
0.719727
1.065430
1.326172
-0.498535
-1.322266
-4.425781
-3.115234
-5.382812
-3.677734
-3.140625
-4.230469
-3.951172
-2.314453
-3.197266
-4.039062
-2.988281
-0.216553
-1.132812
-2.253906
-0.900879
-2.646484
-4.671875
-0.864746
-0.375488
-0.884766
-0.560059
-0.951660
-0.959473
2.800781
7.253906
8.179688
6.003906
12.875000
14.851562
3.164062
6.117188
4.964844
0.133179
0.453369
3.314453
4.363281
3.369141
2.373047
2.199219
-0.706055
-1.570312
0.797852
0.470459
4.062500
1.189453
2.224609
-2.759766
7.714844
2.093750
3.322266
2.828125
4.957031
3.417969
2.435547
0.925293
4.226562
-0.532715
1.688477
1.998047
2.351562
7.980469
3.013672
1.319336
-0.398682
2.404297
3.677734
7.957031
7.046875
8.734375
8.210938
5.832031
7.218750
1.948242
5.937500
5.171875
3.255859
3.273438
10.859375
1.700195
0.866211
3.410156
4.335938
1.564453
-0.030151
0.309814
3.796875
0.093323
2.234375
1.685547
0.764160
-0.370117
-0.486084
4.339844
2.099609
-0.252930
3.070312
6.332031
2.076172
-0.762207
-0.618652
3.126953
-3.033203
4.675781
2.562500
3.681641
5.019531
3.326172
6.835938
4.105469
1.350586
4.007812
1.776367
3.507812
3.279297
0.427002
4.609375
3.826172
6.828125
3.214844
-0.940430
3.480469
6.968750
8.859375
7.734375
3.068359
9.585938
1.373047
8.687500
5.710938
4.742188
5.468750
3.449219
9.304688
3.652344
8.484375
9.625000
4.257812
4.152344
6.066406
2.730469
0.028412
2.777344
3.480469
0.974121
-2.863281
0.484619
1.062500
-1.527344
-3.794922
-2.890625
-1.588867
-2.476562
-2.003906
0.425049
5.500000
2.730469
7.414062
3.044922
1.502930
-1.749023
1.202148
-3.789062
-2.343750
-3.041016
-1.607422
0.195679
-3.841797
-1.149414
-2.507812
-1.407227
-0.832031
-2.183594
2.146484
-2.607422
-3.869141
-0.469727
-1.650391
-6.000000
-2.876953
-1.681641
-5.425781
-1.986328
-1.834961
-0.906250
-2.408203
-0.073547
-1.483398
0.449219
-1.896484
-1.596680
-6.910156
-1.517578
-0.747070
-2.939453
-2.847656
0.498047
-4.527344
-2.882812
-5.820312
-3.083984
-3.925781
-1.479492
-4.660156
2.384766
-1.659180
2.171875
-1.761719
0.823730
0.050995
-3.562500
0.162598
2.367188
-3.712891
0.733887
0.369141
-0.754395
-1.544922
2.009766
1.183594
2.291016
-3.113281
-0.977539
-2.492188
-3.996094
-6.089844
-4.949219
-4.300781
-0.274658
-1.028320
3.285156
2.224609
2.437500
3.419922
4.039062
2.236328
5.578125
2.136719
4.167969
1.785156
2.382812
3.669922
0.903809
0.639160
0.897949
0.410156
-2.669922
0.955566
-0.527344
-1.597656
-2.097656
3.111328
1.422852
-0.762695
2.408203
-0.748047
2.927734
1.601562
0.944824
0.681641
-3.425781
-1.254883
-0.815430
2.191406
-4.042969
1.780273
-4.175781
-6.078125
1.980469
1.799805
-4.585938
-2.212891
-0.431641
0.860352
1.585938
2.054688
-1.066406
1.264648
2.738281
0.027267
-0.358643
1.064453
1.446289
0.057617
-6.437500
-0.857910
3.027344
1.958984
4.730469
-0.877441
-0.113525
3.474609
-2.005859
1.173828
0.723145
2.021484
0.726562
-0.854492
-2.695312
-0.918457
0.854492
2.763672
2.640625
-0.273926
-0.271240
-0.288086
1.609375
-0.342529
3.066406
1.798828
2.937500
-0.996582
-0.045258
0.155273
0.290039
4.277344
-3.359375
-3.226562
-2.417969
0.180542
1.292969
1.508789
-3.648438
-2.886719
0.365967
-3.044922
-2.300781
-1.145508
0.032990
1.467773
3.755859
3.781250
-0.568359
0.114746
-2.185547
2.333984
0.134033
4.597656
-0.656738
1.111328
-0.846680
0.248779
3.703125
1.636719
-1.000977
0.895508
1.528320
0.395020
-2.136719
3.337891
-0.893066
-0.703613
5.601562
5.027344
-1.701172
1.143555
4.179688
-1.697266
-1.836914
4.894531
0.754883
1.044922
0.903809
1.492188
0.397705
-0.437744
3.570312
-2.921875
-2.419922
0.301758
-0.707520
1.569336
4.375000
1.553711
-7.121094
-0.531738
-3.025391
-0.166016
1.776367
1.334961
-1.255859
4.816406
2.789062
-3.044922
0.200439
6.476562
-2.216797
1.155273
-2.316406
1.987305
-1.112305
0.450928
3.019531
2.794922
-0.053650
-0.885254
-2.443359
0.404541
1.604492
-2.060547
0.222168
1.611328
-0.711426
-1.875000
2.130859
0.847168
0.396729
-1.868164
4.152344
3.966797
-1.492188
0.264404
-0.451416
8.656250
-2.351562
-2.117188
-1.028320
1.320312
2.310547
6.019531
-1.085938
0.112366
-2.548828
1.288086
1.208008
-0.649414
2.259766
-0.583008
-3.234375
2.302734
1.205078
0.934082
0.792480
1.432617
0.426270
1.295898
-2.277344
1.520508
1.529297
-0.319824
0.153931
1.068359
-0.978027
-0.505371
3.417969
0.431152
0.352295
4.886719
-2.058594
-1.895508
0.001601
-0.091125
-0.848633
1.355469
0.528809
4.750000
-1.312500
1.920898
-3.113281
-0.024796
0.091858
0.837891
2.765625
2.240234
0.172241
1.034180
5.679688
-0.034027
-0.605957
1.262695
1.023438
-1.229492
0.047302
-2.535156
0.523438
-5.304688
-1.228516
-0.466064
0.682617
-2.052734
0.490967
0.961914
3.642578
1.759766
3.632812
-0.744141
0.716309
2.880859
1.496094
1.599609
-2.855469
1.475586
1.523438
-2.595703
3.724609
3.042969
-0.601562
-0.296631
-1.925781
-0.188965
3.111328
1.009766
0.056732
-4.406250
-2.822266
-1.052734
4.738281
-0.023834
1.416992
1.758789
3.943359
0.541504
0.510254
-1.058594
3.068359
-2.912109
-3.984375
2.447266
-5.539062
-3.867188
2.589844
2.335938
1.123047
-5.898438
1.921875
1.105469
-0.091248
1.485352
0.291748
0.612793
1.863281
0.151978
-2.779297
1.317383
0.293457
3.792969
3.066406
-3.597656
4.558594
2.119141
-3.289062
2.158203
-1.073242
2.361328
1.272461
-1.930664
1.068359
1.685547
4.652344
1.317383
9.570312
0.491455
1.673828
-3.398438
2.417969
4.226562
-2.996094
-0.853516
-2.263672
2.009766
3.080078
1.035156
3.138672
-6.406250
-1.329102
3.771484
1.448242
2.583984
-1.359375
2.636719
0.894043
-0.022675
-0.204590
-3.392578
1.162109
1.074219
-3.908203
3.339844
-0.583984
2.550781
-2.712891
0.764648
-1.993164
-1.792969
-3.849609
-0.638184
0.574219
1.058594
-2.429688
0.102234
0.746094
3.824219
0.505371
1.083984
0.425537
0.112122
2.255859
-0.302246
-1.433594
-2.142578
-2.904297
0.150391
4.671875
2.279297
-1.989258
-0.175903
-0.094299
3.791016
1.739258
-0.444580
2.205078
-1.532227
-1.801758
-4.109375
1.843750
2.464844
-1.161133
1.962891
1.934570
3.970703
0.469971
-1.859375
2.388672
-0.438232
2.666016
9.625000
1.406250
5.234375
5.281250
-1.978516
-0.875000
-2.132812
4.011719
4.027344
1.299805
6.707031
2.501953
0.007584
2.388672
1.760742
0.822754
-0.794922
-1.623047
3.164062
1.015625
2.591797
-0.149780
-1.473633
-1.768555
-2.500000
0.348389
0.791504
0.016327
0.433838
-0.790039
-0.393555
3.029297
-1.152344
1.375977
3.015625
0.029892
4.421875
-1.919922
0.489258
4.425781
4.769531
0.018646
0.895996
1.234375
1.019531
0.063049
4.738281
0.775391
2.822266
-1.600586
-0.298828
1.724609
0.599121
-0.415527
2.394531
-1.405273
2.744141
1.626953
-1.269531
0.397705
6.746094
-1.398438
2.619141
1.976562
0.666016
-3.693359
7.496094
3.667969
2.642578
-0.457520
-2.115234
1.584961
4.167969
0.052155
-5.175781
-1.676758
2.937500
5.457031
2.994141
1.951172
1.787109
-4.636719
1.154297
0.980957
-0.481934
2.300781
5.507812
-0.092102
-1.750000
0.407227
2.083984
0.938965
1.628906
0.734375
2.568359
-2.810547
-0.364258
5.222656
-2.064453
-0.991699
3.285156
4.390625
-3.904297
0.034302
-0.749512
-0.098572
-1.104492
-0.363281
0.199585
1.712891
0.665039
0.639648
-1.858398
3.615234
3.443359
2.769531
1.372070
-0.589844
2.148438
3.080078
-0.489990
0.226807
-2.472656
-0.054230
2.878906
1.456055
-0.034271
1.546875
8.023438
-2.626953
-0.007153
2.033203
-3.257812
1.662109
-1.444336
-2.722656
-1.434570
0.941406
3.843750
-2.796875
3.310547
-2.226562
1.541992
2.787109
4.140625
3.281250
3.513672
1.068359
-0.849121
0.789062
-1.278320
-1.407227
1.584961
2.394531
0.816406
2.306641
-2.531250
2.150391
1.075195
2.119141
-0.497803
-1.213867
-1.622070
-3.808594
-1.500000
1.360352
0.920898
2.978516
1.853516
-0.201782
3.195312
-1.166992
-0.426758
-2.460938
-2.847656
-1.610352
0.303223
-3.109375
1.018555
-0.511719
-3.126953
0.177734
-3.048828
-1.222656
-2.511719
-0.268066
-0.922363
-0.996582
-3.148438
-3.029297
-3.365234
-6.332031
-2.927734
-2.298828
-1.832031
-4.507812
-2.056641
-0.061981
-1.614258
-3.648438
-4.082031
-3.765625
-4.132812
-2.539062
-4.296875
-2.375000
-2.253906
-1.556641
-2.089844
-0.476562
-4.222656
-1.016602
0.499756
-1.265625
-3.146484
0.820312
-3.181641
2.042969
-1.025391
-1.684570
0.844238
-3.742188
-4.042969
-2.609375
-1.753906
-3.859375
-1.446289
-0.455811
-3.906250
0.565918
-0.604980
-1.305664
0.258301
-3.957031
-2.080078
-7.960938
0.889648
-5.023438
-3.648438
-4.328125
-6.746094
-4.597656
-9.109375
-6.523438
-2.220703
-2.890625
-3.148438
0.226074
2.390625
